131,-2,0,0,3.0
130,-3,-1,0,1.0
125,-5,3,0,2.0
122,-6,1,0,1.0
113,-10,-1,0,2.0
145,6,20,0,3.0
102,-14,0,0,3.0
112,-11,2,0,3.0
111,-11,-38,0,2.0
148,8,26,0,1.0
132,-2,8,0,1.0
97,-16,-42,0,3.0
99,-15,-41,0,3.0
108,-13,-2,0,3.0
109,-12,-3,0,2.0
136,0,25,0,3.0
94,-17,-42,0,2.0
101,-14,-43,0,2.0
116,-9,-9,0,3.0
135,0,11,0,2.0
157,14,17,0,2.0
14,-47,-25,0,2.0
118,-7,-46,0,2.0
19,-46,-26,0,2.0
32,-44,-26,0,3.0
30,-44,-39,0,2.0
33,-43,-33,0,2.0
174,22,28,0,1.0
42,-40,-27,0,2.0
144,6,-44,0,2.0
37,-41,-30,0,3.0
41,-40,-40,0,3.0
40,-40,-44,0,1.0
39,-40,-50,0,2.0
76,-26,-50,0,2.0
81,-24,-50,0,2.0
192,35,28,0,3.0
202,41,27,0,2.0
176,25,25,0,2.0
225,48,24,0,2.0
156,13,-6,0,2.0
167,19,-17,0,3.0
159,16,-19,0,2.0
162,17,-20,0,2.0
168,19,-11,0,1.0
163,17,-7,0,2.0
137,2,-49,0,1.0
65,-31,-49,0,2.0
149,9,-47,0,2.0
